0.0,1.36394402279e-05,-1.5835724061e-08,-0.00668266718246,0,0.0025
0.03,0.00100339517773,-6.22604159607e-06,-0.00664655118498,0,0.0025
0.05,0.00100339517773,-6.22604159607e-06,-0.00659430050096,0,0.0025
0.08,0.00498365498751,-3.10800226013e-05,-0.00650399964842,0,0.0025
0.1,0.00498365498751,-3.10800226013e-05,-0.00650399964842,0,0.0025
0.13,0.00895807661109,-5.54714191811e-05,-0.00627012126348,0,0.0025
0.15,0.0129257295317,-7.91291955588e-05,-0.00608157772885,0,0.0025
0.18,0.013925712333,-8.48911390826e-05,-0.00574194467811,0,0.0025
0.21,0.0178988986771,-0.000106713470922,-0.00534609533616,0,0.0025
0.23,0.0178988986771,-0.000106713470922,-0.00506517918316,0,0.0025
0.25,0.0218779046458,-0.000126528863908,-0.00506517918316,0,0.0025
0.28,0.0258634864823,-0.00014414464557,-0.00425768267914,0,0.0025
0.3,0.0268601122087,-0.000148205038947,-0.00403437355423,0,0.0025
0.33,0.0298552279396,-0.000159686552512,-0.00403437355423,0,0.0025
0.35,0.0298552279396,-0.000159686552512,-0.00367579013178,0,0.0025
0.38,0.0338520169983,-0.000173490622027,-0.00344650357826,0,0.0025
0.4,0.0378527137526,-0.000186006462808,-0.00339354428872,0,0.0025
0.43,0.0378527137526,-0.000186006462808,-0.00336403629604,0,0.0025
0.45,0.0418555267243,-0.000197901687436,-0.00337596030357,0,0.0025
0.48,0.0458592939947,-0.000209742599138,-0.00346885024225,0,0.0025
0.5,0.0468606542784,-0.00021274599269,-0.00346885024225,0,0.0025
0.53,0.0498631474713,-0.000221963057646,-0.00363501378349,0,0.0025
0.55,0.0528654731436,-0.000231553990766,-0.00373231326547,0,0.0025
0.58,0.0528654731436,-0.000231553990766,-0.00393477524854,0,0.0025
0.6,0.0568683634115,-0.000245028242271,-0.00403148125713,0,0.0025
0.63,0.0568683634115,-0.000245028242271,-0.0041202901296,0,0.0025
0.65,0.0608702957789,-0.000259296131231,-0.00419993611956,0,0.0025
0.68,0.0648719132447,-0.000274275271743,-0.00431890548493,0,0.0025
0.7,0.0678723431506,-0.00028587003698,-0.0043563302896,0,0.0025
0.73,0.0698725560833,-0.000293723295936,-0.00437811263026,0,0.0025
0.75,0.073872513537,-0.000309590334813,-0.00438019844625,0,0.0025
0.78,0.073872513537,-0.000309590334813,-0.00435376026158,0,0.0025
0.8,0.0778723272645,-0.000325477148967,-0.00435376026158,0,0.0025
0.83,0.0788722161668,-0.000329428663903,-0.00428288831801,0,0.0025
0.85,0.0818719428358,-0.000341176678963,-0.00423665111256,0,0.0025
0.88,0.0818719428358,-0.000341176678963,-0.0041545174161,0,0.0025
0.9,0.084871523502,-0.000352723324671,-0.0041247709819,0,0.0025
0.93,0.0888711322754,-0.000367751015667,-0.00406280151739,0,0.0025
0.95,0.0928708239816,-0.000382295624921,-0.00393521018683,0,0.0025
0.98,0.0928708239816,-0.000382295624921,-0.00383959872123,0,0.0025
1.0,0.0968706514726,-0.000396325793487,-0.0037958529407,0,0.0025
1.03,0.0968706514726,-0.000396325793487,-0.00365538366339,0,0.0025
1.05,0.100870573265,-0.000409961326307,-0.00365538366339,0,0.0025
1.08,0.104870520349,-0.000423156916229,-0.00360289537558,0,0.0025
1.1,0.104870520349,-0.000423156916229,-0.00355725920389,0,0.0025
1.13,0.108870531526,-0.000436024216776,-0.00350037663149,0,0.0025
1.15,0.108870531526,-0.000436024216776,-0.00348877250842,0,0.0025
1.18,0.112870579805,-0.000448644506479,-0.00347103788533,0,0.0025
1.2,0.116870647587,-0.000461062635332,-0.00346050541903,0,0.0025
1.23,0.120870724023,-0.000473364072292,-0.0034507431632,0,0.0025
1.25,0.120870724023,-0.000473364072292,-0.00344924461549,0,0.0025
1.29,0.124870801163,-0.000485623233811,-0.00345387399363,0,0.0025
1.3,0.127870845009,-0.000494811398287,-0.00345387399363,0,0.0025
1.33,0.129870888615,-0.00050094540893,-0.003469522784,0,0.0025
1.35,0.129870888615,-0.00050094540893,-0.00347948177516,0,0.0025
1.38,0.133870939269,-0.000513260377795,-0.00350084371375,0,0.0025
1.4,0.133870939269,-0.000513260377795,-0.00351053801985,0,0.0025
1.43,0.138870995697,-0.000528765200548,-0.00351946519785,0,0.0025
1.47,0.144871058653,-0.000547500311668,-0.00352301965967,0,0.0025
1.48,0.144871058653,-0.000547500311668,-0.00353815773505,0,0.0025
1.5,0.147871085175,-0.000556815882063,-0.00354642077067,0,0.0025
1.53,0.147871085175,-0.000556815882063,-0.00354901133976,0,0.0025
1.55,0.147871085175,-0.000556815882063,-0.00354817642696,0,0.0025
1.58,0.152871134581,-0.000572445025999,-0.00354896801292,0,0.0025
1.6,0.157871174952,-0.000588087707112,-0.0035505793013,0,0.0025
1.63,0.158871169521,-0.000591217259868,-0.00355080204891,0,0.0025
1.65,0.158871169521,-0.000591217259868,-0.0035496062223,0,0.0025
1.68,0.16187120286,-0.000600608216833,-0.00355821092553,0,0.0025
1.7,0.165871246522,-0.00061312336743,-0.0035451997566,0,0.0025
1.73,0.169871286485,-0.000625575733909,-0.00351984373184,0,0.0025
1.75,0.169871286485,-0.000625575733909,-0.00352628333651,0,0.0025
1.78,0.173871320842,-0.000637830560534,-0.00353402495394,0,0.0025
1.8,0.177871354491,-0.000650049812345,-0.00353534854118,0,0.0025
1.84,0.181871383793,-0.000662280778622,-0.00352442114837,0,0.0025
1.85,0.181871383793,-0.000662280778622,-0.00352442114837,0,0.0025
1.88,0.184871414608,-0.000671432123418,-0.00352273416006,0,0.0025
1.9,0.186871420267,-0.000677526562461,-0.00352119218116,0,0.0025
1.93,0.189871435274,-0.000686663248205,-0.00351816091274,0,0.0025
1.95,0.192871453365,-0.000695792802096,-0.00351693062588,0,0.0025
1.98,0.192871453365,-0.000695792802096,-0.00351441088593,0,0.0025
2.0,0.196871481932,-0.000707949445067,-0.00351423661856,0,0.0025
2.03,0.196871481932,-0.000707949445067,-0.0035156354635,0,0.0025
2.06,0.200871507613,-0.000720100793513,-0.00351785748716,0,0.0025
2.08,0.204871532321,-0.000732259268367,-0.00351834423874,0,0.0025
2.11,0.204871532321,-0.000732259268367,-0.00351859110023,0,0.0025
2.13,0.208871559146,-0.00074442632713,-0.00351775582183,0,0.0025
2.15,0.208871559146,-0.00074442632713,-0.00350115709533,0,0.0025
2.18,0.212871606628,-0.000756594658965,-0.00351599660494,0,0.0025
2.2,0.216871649167,-0.000768808450145,-0.00351591185421,0,0.0025
2.23,0.220871689595,-0.000781056818192,-0.00351199593947,0,0.0025
2.25,0.220871689595,-0.000781056818192,-0.00350874930092,0,0.0025
2.28,0.224871725564,-0.000793280030231,-0.00350730908765,0,0.0025
2.3,0.224871725564,-0.000793280030231,-0.00350845279926,0,0.0025
2.33,0.228871757787,-0.000805486600707,-0.00350874459937,0,0.0025
2.35,0.23287179045,-0.000817694182912,-0.00350807062499,0,0.0025
2.38,0.233871803282,-0.000820745257023,-0.00350594252437,0,0.0025
2.41,0.235871811878,-0.000826845039163,-0.00350068443547,0,0.0025
2.43,0.240871864896,-0.000842074438174,-0.00349827029675,0,0.0025
2.45,0.240871864896,-0.000842074438174,-0.00349733803323,0,0.0025
2.49,0.245871913748,-0.000857279209624,-0.00349729359462,0,0.0025
2.5,0.246871908594,-0.000860318964014,-0.00349738483312,0,0.0025
2.53,0.250871943525,-0.000872475798014,-0.00349712530003,0,0.0025
2.55,0.250871943525,-0.000872475798014,-0.00349712530003,0,0.0025
2.58,0.254871980637,-0.000884631286296,-0.00349618392341,0,0.0025
2.61,0.254871980637,-0.000884631286296,-0.0034932938572,0,0.0025
2.63,0.25987203543,-0.00089981767205,-0.00349373494191,0,0.0025
2.65,0.261872044037,-0.000905887298017,-0.00349468947922,0,0.0025
2.68,0.261872044037,-0.000905887298017,-0.00349631584618,0,0.0025
2.7,0.266872092345,-0.000921066770661,-0.00349974301567,0,0.0025
2.73,0.266872092345,-0.000921066770661,-0.00350130526893,0,0.0025
2.75,0.271872137998,-0.000936259408026,-0.00350251594675,0,0.0025
2.78,0.272872151437,-0.000939299328528,-0.00350221744186,0,0.0025
2.8,0.276872169457,-0.000951460979377,-0.00350217650939,0,0.0025
2.83,0.28087220462,-0.00096362138352,-0.00350426940646,0,0.0025
2.85,0.28087220462,-0.00096362138352,-0.0035070524598,0,0.0025
2.88,0.283872241088,-0.000972746668216,-0.0035105055647,0,0.0025
2.9,0.286872259175,-0.00098188126816,-0.00351271924969,0,0.0025
2.95,0.290872288848,-0.000994075733587,-0.00351463362002,0,0.0025
2.95,0.290872288848,-0.000994075733587,-0.00351463362002,0,0.0025
2.98,0.290872288848,-0.000994075733587,-0.00351415681412,0,0.0025
3.0,0.295872335677,-0.0010093370258,-0.00351103749611,0,0.0025
3.03,0.300872370552,-0.00102459033333,-0.00350887298296,0,0.0025
3.05,0.300872370552,-0.00102459033333,-0.00350798738383,0,0.0025
3.08,0.304872408335,-0.00103677339871,-0.0035072541008,0,0.0025
3.1,0.307872430211,-0.0010459040915,-0.00350716104426,0,0.0025
3.13,0.309872457867,-0.00105198947665,-0.00350668016993,0,0.0025
3.15,0.309872457867,-0.00105198947665,-0.00350551519398,0,0.0025
3.18,0.312872481498,-0.00106111405185,-0.00350320526394,0,0.0025
3.21,0.316872520975,-0.00107327202602,-0.00349992220498,0,0.0025
3.23,0.316872520975,-0.00107327202602,-0.00349956483061,0,0.0025
3.25,0.321872575475,-0.00108844683901,-0.00349975475708,0,0.0025
3.3,0.32787261946,-0.00110664302912,-0.00350146753422,0,0.0025
3.31,0.32787261946,-0.00110664302912,-0.00350223320033,0,0.0025
3.33,0.330872639332,-0.00111574636844,-0.003503503934,0,0.0025
3.35,0.330872639332,-0.00111574636844,-0.00350356442735,0,0.0025
3.38,0.334872673919,-0.00112788773477,-0.00350295583864,0,0.0025
3.4,0.334872673919,-0.00112788773477,-0.00351810841005,0,0.0025
3.43,0.338872728246,-0.00114002626482,-0.00350855065795,0,0.0025
3.45,0.342872785531,-0.00115210449247,-0.00348681339268,0,0.0025
3.48,0.342872785531,-0.00115210449247,-0.00350833779366,0,0.0025
3.51,0.346872827694,-0.00116419422494,-0.00351372901544,0,0.0025
3.55,0.350872863528,-0.00117635273622,-0.00351219752447,0,0.0025
3.55,0.350872863528,-0.00117635273622,-0.00351219752447,0,0.0025
3.58,0.355872905016,-0.00119156758164,-0.0035108523268,0,0.0025
3.6,0.355872905016,-0.00119156758164,-0.00351248932196,0,0.0025
3.63,0.359872932883,-0.00120372734332,-0.00351385680552,0,0.0025
3.65,0.359872932883,-0.00120372734332,-0.00351389645485,0,0.0025
3.68,0.363872963793,-0.00121589033939,-0.00351263854664,0,0.0025
3.7,0.367872994325,-0.00122804793361,-0.00351200007016,0,0.0025
3.73,0.367872994325,-0.00122804793361,-0.00351238638852,0,0.0025
3.75,0.371873022003,-0.00124020244122,-0.00351238638852,0,0.0025
3.78,0.375873048846,-0.00125236351553,-0.00351496059416,0,0.0025
3.8,0.375873048846,-0.00125236351553,-0.00351627322804,0,0.0025
3.83,0.380873072793,-0.00126756874103,-0.00351633756905,0,0.0025
3.85,0.380873072793,-0.00126756874103,-0.00349290465402,0,0.0025
3.88,0.384873122489,-0.00127973004977,-0.00350638572854,0,0.0025
3.9,0.384873122489,-0.00127973004977,-0.00351217798356,0,0.0025
3.93,0.388873166837,-0.00129191418524,-0.00351029385058,0,0.0025
3.95,0.39287320897,-0.00130413842341,-0.00351029385058,0,0.0025
3.98,0.39387322327,-0.00130719406001,-0.00350413106274,0,0.0025
4.01,0.397873259461,-0.00131939609988,-0.00350203843307,0,0.0025
4.04,0.401873293381,-0.00133158054274,-0.00350307676602,0,0.0025
4.05,0.401873293381,-0.00133158054274,-0.00350307676602,0,0.0025
4.08,0.405873329075,-0.00134376181515,-0.00350240888344,0,0.0025
4.1,0.405873329075,-0.00134376181515,-0.00350975676749,0,0.0025
4.13,0.409873384174,-0.00135596940546,-0.0034798917078,0,0.0025
4.15,0.409873384174,-0.00135596940546,-0.00349280283101,0,0.0025
4.19,0.413873439941,-0.00136808226701,-0.00350760221525,0,0.0025
4.2,0.413873439941,-0.00136808226701,-0.00350760221525,0,0.0025
4.23,0.41887347021,-0.00138313166893,-0.00350860871179,0,0.0025
4.25,0.4238735122,-0.00139823422458,-0.00350860871179,0,0.0025
4.28,0.424873521992,-0.0014012532383,-0.00350889479241,0,0.0025
4.3,0.428873547707,-0.00141333510359,-0.00351105820841,0,0.0025
4.33,0.428873547707,-0.00141333510359,-0.0035125891873,0,0.0025
4.35,0.432873576791,-0.00142542617015,-0.003513257051,0,0.0025
4.38,0.432873576791,-0.00142542617015,-0.00351251323968,0,0.0025
4.4,0.435873595343,-0.00143449354273,-0.00351347812161,0,0.0025
4.44,0.439873622331,-0.00144658135517,-0.00351660785297,0,0.0025
4.45,0.439873622331,-0.00144658135517,-0.00351808575686,0,0.0025
4.48,0.443873647718,-0.0014586789279,-0.0035201799105,0,0.0025
4.5,0.447873674291,-0.00147078675084,-0.00352059395335,0,0.0025
4.53,0.447873674291,-0.00147078675084,-0.00351989254752,0,0.0025
4.55,0.452873716008,-0.00148593040155,-0.00350304639663,0,0.0025
4.58,0.455873760879,-0.00149502947401,-0.00351151229981,0,0.0025
4.6,0.45687375572,-0.00149807135083,-0.00351151229981,0,0.0025
4.63,0.457873772509,-0.00150111714361,-0.00351244393298,0,0.0025
4.65,0.461873813912,-0.00151331439854,-0.00350873431675,0,0.0025
4.69,0.465873850806,-0.00152550481414,-0.00350652351039,0,0.0025
4.7,0.465873850806,-0.00152550481414,-0.00350707595341,0,0.0025
4.73,0.469873883987,-0.00153767074764,-0.00350725768437,0,0.0025
4.76,0.469873883987,-0.00153767074764,-0.00350602328271,0,0.0025
4.78,0.473873917566,-0.00154983155979,-0.00351883156265,0,0.0025
4.8,0.473873917566,-0.00154983155979,-0.00350833100857,0,0.0025
4.83,0.478873984622,-0.00156508287136,-0.00348287868155,0,0.0025
4.85,0.482874039235,-0.00157727097804,-0.00349541179024,0,0.0025
4.88,0.483874034152,-0.001580288418,-0.00350986922855,0,0.0025
4.9,0.486874073222,-0.00158936930144,-0.00351274049581,0,0.0025
4.93,0.490874102064,-0.00160151290845,-0.00351042466854,0,0.0025
4.95,0.490874102064,-0.00160151290845,-0.00351026085402,0,0.0025
4.98,0.493884993655,-0.00161065328059,-0.00345556766181,0,0.0025
5.0,0.493884993655,-0.00161065328059,-0.00339079218386,0,0.0025
5.04,0.493906871517,-0.00161071824344,-0.00332114677528,0,0.0025
5.06,0.493928818258,-0.00161078059629,-0.0034165242544,0,0.0025
5.08,0.493928818258,-0.00161078059629,-0.00338803139192,0,0.0025
5.1,0.493951122393,-0.00161084204425,-0.00332342411552,0,0.0025
5.13,0.493951122393,-0.00161084204425,-0.00281857134726,0,0.0025
5.15,0.493987441796,-0.00161093749687,-0.00281857134726,0,0.0025
5.18,0.494002704523,-0.00161097026655,-0.00200459869576,0,0.0025
5.2,0.494014217559,-0.0016109869909,-0.000752963508605,0,0.0025
5.23,0.494023272221,-0.00161099190547,0.000281990287338,0,0.0025
5.25,0.494023272221,-0.00161099190547,0.00299448934982,0,0.0025
5.28,0.494031800482,-0.00161098161942,0.0045889888957,0,0.0025
5.3,0.494031800482,-0.00161098161942,0.00632718818948,0,0.0025
5.33,0.494034814056,-0.00161096940828,0.00820756965199,0,0.0025
5.35,0.494034814056,-0.00161096940828,0.0101978331961,0,0.0025
5.38,0.494033778837,-0.0016109799767,0.0144589150643,0,0.0025
5.4,0.494030800948,-0.00161101940528,0.0166912075533,0,0.0025
5.43,0.494029661233,-0.00161103811551,0.0189643009205,0,0.0025
5.45,0.494027178611,-0.00161108306557,0.023584402983,0,0.0025
5.48,0.494027178611,-0.00161108306557,0.0259482722254,0,0.0025
5.5,0.49402372653,-0.00161115991801,0.0282521431307,0,0.0025
5.53,0.494020868146,-0.00161123704552,0.0328157392325,0,0.0025
5.55,0.494020868146,-0.00161123704552,0.0328157392325,0,0.0025
5.58,0.494018704122,-0.00161130529173,0.0372809280089,0,0.0025
5.6,0.494018704122,-0.00161130529173,0.0394688866641,0,0.0025
5.63,0.494017277743,-0.00161135664056,0.0437324861723,0,0.0025
5.65,0.494016516775,-0.00161138730806,0.0458149297835,0,0.0025
5.68,0.494016516775,-0.00161138730806,0.0478795167852,0,0.0025
5.71,0.494016304039,-0.00161139663658,0.0499134367275,0,0.0025
5.73,0.494016540121,-0.00161138462784,0.0519331482602,0,0.0025
5.75,0.494016538797,-0.00161138469778,0.055922969085,0,0.0025
5.78,0.494016667257,-0.00161137778378,0.0578971079421,0,0.0025
5.81,0.494017114482,-0.00161135265341,0.0618237543204,0,0.0025
5.83,0.494017114482,-0.00161135265341,0.0618237543204,0,0.0025
5.85,0.494017587941,-0.00161132420135,0.064759039142,0,0.0025
5.88,0.494018021505,-0.00161129645564,0.0686725896276,0,0.0025
5.9,0.494018021505,-0.00161129645564,0.0696515653218,0,0.0025
5.93,0.494018379822,-0.00161127212898,0.0735776904977,0,0.0025
5.95,0.494018635168,-0.0016112537133,0.0755455376095,0,0.0025
5.98,0.494018635168,-0.0016112537133,0.0775159923774,0,0.0025
6.0,0.494018807261,-0.00161124062834,0.0794919368956,0,0.0025
6.03,0.49401893513,-0.00161123034116,0.0834559763806,0,0.0025
6.05,0.49401893513,-0.00161123034116,0.0854439640799,0,0.0025
6.08,0.494018965437,-0.00161122776424,0.0874378190644,0,0.0025
6.1,0.494018965437,-0.00161122776424,0.0904343384994,0,0.0025
6.13,0.494018991919,-0.00161122543557,0.0934360881602,0,0.0025
6.15,0.494018999892,-0.00161122469966,0.095437941316,0,0.0025
6.18,0.494018999892,-0.00161122469966,0.095437941316,0,0.0025
6.2,0.494019000136,-0.00161122467633,0.0994455267241,0,0.0025
6.23,0.494018998776,-0.00161122481039,0.101450865207,0,0.0025
6.25,0.494019002522,-0.00161122443444,0.105463075305,0,0.0025
6.28,0.494019013109,-0.00161122332533,0.107470066873,0,0.0025
6.3,0.494019013109,-0.00161122332533,0.109478003553,0,0.0025
6.33,0.494019065964,-0.00161121748191,0.113494564122,0,0.0025
6.35,0.494019065964,-0.00161121748191,0.113494564122,0,0.0025
6.38,0.49401909579,-0.0016112140393,0.117508805809,0,0.0025
6.4,0.49401909579,-0.0016112140393,0.119514085471,0,0.0025
6.43,0.494019143897,-0.00161120833118,0.123521905088,0,0.0025
6.45,0.494019195942,-0.0016112019448,0.123521905088,0,0.0025
6.48,0.494019195942,-0.0016112019448,0.127528375673,0,0.0025
6.5,0.494019252391,-0.00161119478847,0.129531710455,0,0.0025
6.53,0.494019252391,-0.00161119478847,0.133538159998,0,0.0025
6.55,0.494019311868,-0.00161118700937,0.133538159998,0,0.0025
6.59,0.494019370921,-0.00161117902837,0.13754139836,0,0.0025
6.6,0.494019390745,-0.00161117628687,0.139542084827,0,0.0025
6.63,0.494019425734,-0.00161117139679,0.143541720936,0,0.0025
6.65,0.494019425734,-0.00161117139679,0.145541530985,0,0.0025
6.68,0.494019477919,-0.00161116391778,0.14754221557,0,0.0025
6.7,0.494019530213,-0.0016111562089,0.149543071761,0,0.0025
6.73,0.494019530213,-0.0016111562089,0.153547032368,0,0.0025
6.75,0.494019601833,-0.00161114528367,0.155547266332,0,0.0025
6.78,0.494019601833,-0.00161114528367,0.157547140655,0,0.0025
6.8,0.494019649784,-0.00161113773816,0.159546504802,0,0.0025
6.83,0.494019694695,-0.00161113048613,0.161545873073,0,0.0025
6.85,0.494019709814,-0.00161112800854,0.165545484614,0,0.0025
6.88,0.494019739613,-0.00161112304753,0.167546389576,0,0.0025
6.9,0.494019739613,-0.00161112304753,0.169547654891,0,0.0025
6.93,0.494019787749,-0.00161111487694,0.17355308232,0,0.0025
6.95,0.494019840749,-0.00161110566239,0.175556536195,0,0.0025
6.98,0.494019840749,-0.00161110566239,0.177559888856,0,0.0025
7.0,0.494019893931,-0.00161109617945,0.179561490898,0,0.0025
7.03,0.494019893931,-0.00161109617945,0.181563556004,0,0.0025
7.05,0.494019945495,-0.00161108677116,0.183564828169,0,0.0025
7.08,0.494019997093,-0.0016110771424,0.187568617099,0,0.0025
7.1,0.494019997093,-0.0016110771424,0.189571272678,0,0.0025
7.13,0.49402005091,-0.00161106687602,0.193577598319,0,0.0025
7.15,0.49402005091,-0.00161106687602,0.19558110073,0,0.0025
7.18,0.494020106581,-0.00161105600535,0.197582812063,0,0.0025
7.2,0.494020106581,-0.00161105600535,0.199584082298,0,0.0025
7.23,0.494020208941,-0.00161103539036,0.203585376014,0,0.0025
7.25,0.494020208941,-0.00161103539036,0.203585376014,0,0.0025
7.28,0.494020257928,-0.00161102521397,0.207587199532,0,0.0025
7.3,0.494020257928,-0.00161102521397,0.20958898348,0,0.0025
7.35,0.494020308886,-0.00161101441466,0.215595768697,0,0.0025
7.35,0.494020308886,-0.00161101441466,0.215595768697,0,0.0025
7.38,0.494020360758,-0.0016110031885,0.217595844482,0,0.0025
7.4,0.494020408358,-0.00161099268721,0.219596356632,0,0.0025
7.43,0.494020408358,-0.00161099268721,0.223595938447,0,0.0025
7.45,0.494020453405,-0.00161098255941,0.225595829922,0,0.0025
7.48,0.494020498794,-0.00161097216301,0.227596705017,0,0.0025
7.5,0.494020498794,-0.00161097216301,0.229597850535,0,0.0025
7.53,0.494020547443,-0.00161096081391,0.23360280656,0,0.0025
7.55,0.494020547443,-0.00161096081391,0.235606492171,0,0.0025
7.58,0.494020600805,-0.00161094813984,0.237610131766,0,0.0025
7.6,0.49402065412,-0.00161093523357,0.239612352352,0,0.0025
7.63,0.49402065412,-0.00161093523357,0.243615849932,0,0.0025
7.66,0.494020704454,-0.00161092283716,0.245617412228,0,0.0025
7.68,0.494020704454,-0.00161092283716,0.247619391158,0,0.0025
7.7,0.494020757477,-0.00161090955233,0.249621490518,0,0.0025
7.73,0.494020811329,-0.00161089582719,0.253627336437,0,0.0025
7.75,0.494020811329,-0.00161089582719,0.253627336437,0,0.0025
7.78,0.494020866818,-0.00161088142803,0.257633754558,0,0.0025
7.8,0.494020866818,-0.00161088142803,0.259634727985,0,0.0025
7.83,0.494020919245,-0.001610867602,0.262636381288,0,0.0025
7.85,0.494020968616,-0.00161085436986,0.265637366927,0,0.0025
7.88,0.494020968616,-0.00161085436986,0.265637366927,0,0.0025
7.9,0.494021017443,-0.00161084107305,0.269639820789,0,0.0025
7.93,0.494021017443,-0.00161084107305,0.271641621833,0,0.0025
7.95,0.494021068258,-0.00161082701556,0.275647258765,0,0.0025
7.98,0.494021119859,-0.0016108125018,0.277648168438,0,0.0025
8.0,0.494021119859,-0.0016108125018,0.279648640745,0,0.0025
8.03,0.494021167125,-0.00161079900293,0.281648513261,0,0.0025
8.05,0.494021167125,-0.00161079900293,0.283648354272,0,0.0025
8.08,0.49402121192,-0.00161078601474,0.287648889471,0,0.0025
8.1,0.494021257194,-0.00161077269012,0.290650652425,0,0.0025
8.13,0.494021257194,-0.00161077269012,0.291651779474,0,0.0025
8.16,0.494021305706,-0.00161075820052,0.295657663004,0,0.0025
8.18,0.49402135752,-0.0016107425017,0.297661219823,0,0.0025
8.21,0.49402135752,-0.0016107425017,0.299664613548,0,0.0025
8.24,0.494021445653,-0.00161071524894,0.302667584701,0,0.0025
8.26,0.494021445653,-0.00161071524894,0.305669796462,0,0.0025
8.28,0.494021479715,-0.00161070454132,0.307671853625,0,0.0025
8.3,0.494021479715,-0.00161070454132,0.310675219524,0,0.0025
8.33,0.494021531555,-0.00161068805441,0.313679479128,0,0.0025
8.35,0.494021531555,-0.00161068805441,0.313679479128,0,0.0025
8.38,0.494021604831,-0.00161066437161,0.318687808007,0,0.0025
8.4,0.494021658163,-0.00161064684078,0.319688475124,0,0.0025
8.44,0.49402170787,-0.00161063027998,0.321689757405,0,0.0025
8.45,0.49402170787,-0.00161063027998,0.325691163451,0,0.0025
8.48,0.49402170787,-0.00161063027998,0.327692212858,0,0.0025
8.5,0.494021756222,-0.00161061395402,0.330694278574,0,0.0025
8.53,0.494021804635,-0.00161059739387,0.33169542843,0,0.0025
8.55,0.494021804635,-0.00161059739387,0.333697602754,0,0.0025
8.58,0.494021873845,-0.00161057333498,0.337702746681,0,0.0025
8.6,0.494021873845,-0.00161057333498,0.339702910188,0,0.0025
8.63,0.49402190553,-0.00161056217634,0.343702995362,0,0.0025
8.66,0.49402195036,-0.00161054622025,0.34570330595,0,0.0025
8.68,0.49402195036,-0.00161054622025,0.34570330595,0,0.0025
8.7,0.4940219947,-0.0016105302377,0.350705395612,0,0.0025
8.73,0.4940219947,-0.0016105302377,0.353708442016,0,0.0025
8.75,0.494022057912,-0.00161050711608,0.353708442016,0,0.0025
8.78,0.494022110494,-0.00161048760532,0.357715178951,0,0.0025
8.8,0.494022109237,-0.00161048807517,0.359718952517,0,0.0025
8.83,0.494022145322,-0.00161047453028,0.362721981,0,0.0025
8.85,0.494022145322,-0.00161047453028,0.365725019251,0,0.0025
8.88,0.494022212072,-0.00161044919036,0.367726722888,0,0.0025
8.9,0.494022264139,-0.00161042913772,0.369728907367,0,0.0025
8.93,0.49402228105,-0.00161042256508,0.373734330106,0,0.0025
8.95,0.49402228105,-0.00161042256508,0.373734330106,0,0.0025
8.98,0.494022334841,-0.00161040151645,0.377740977937,0,0.0025
9.0,0.494022334841,-0.00161040151645,0.379744118196,0,0.0025
9.03,0.494022406011,-0.00161037326679,0.383746491724,0,0.0025
9.05,0.494022438553,-0.00161036018664,0.383746491724,0,0.0025
9.08,0.494022438553,-0.00161036018664,0.387748031655,0,0.0025
9.1,0.494022486233,-0.00161034084834,0.389749052946,0,0.0025
9.13,0.494022551762,-0.00161031391743,0.393753009698,0,0.0025
9.15,0.494022551762,-0.00161031391743,0.395756037908,0,0.0025
9.18,0.494022584489,-0.00161030030602,0.395756037908,0,0.0025
9.2,0.494022602567,-0.00161029273391,0.399760003973,0,0.0025
9.23,0.494022633416,-0.00161027976046,0.403760459199,0,0.0025
9.25,0.494022633416,-0.00161027976046,0.403760459199,0,0.0025
9.28,0.494022678379,-0.00161026066755,0.407760667672,0,0.0025
9.3,0.494022721882,-0.00161024198744,0.409761163836,0,0.0025
9.33,0.494022766969,-0.00161022241223,0.413764457484,0,0.0025
9.35,0.494022766969,-0.00161022241223,0.415767557185,0,0.0025
9.38,0.494022815874,-0.00161020094583,0.417770775059,0,0.0025
9.4,0.494022833991,-0.00161019292752,0.419774488101,0,0.0025
9.43,0.494022869037,-0.00161017733201,0.423779758005,0,0.0025
9.45,0.494022869037,-0.00161017733201,0.423779758005,0,0.0025
9.48,0.494022919556,-0.00161015464888,0.427783428129,0,0.0025
9.5,0.494022968943,-0.00161013223593,0.429785639935,0,0.0025
9.54,0.494023019331,-0.00161010912423,0.433790782883,0,0.0025
9.56,0.494023019331,-0.00161010912423,0.435793844735,0,0.0025
9.58,0.494023072262,-0.00161008458905,0.435793844735,0,0.0025
9.61,0.494023125162,-0.0016100597914,0.439801400245,0,0.0025
9.63,0.494023142091,-0.0016100518068,0.443804515426,0,0.0025
9.65,0.494023173936,-0.00161003668902,0.445805312297,0,0.0025
9.68,0.494023173936,-0.00161003668902,0.447806076115,0,0.0025
9.7,0.49402322068,-0.00161001431742,0.449807273853,0,0.0025
9.73,0.49402322068,-0.00161001431742,0.451808626877,0,0.0025
9.75,0.494023268259,-0.00160999131083,0.453810915974,0,0.0025
9.78,0.494023343503,-0.00160995448217,0.457794656452,0,0.0025
9.8,0.494023343503,-0.00160995448217,0.459808605334,0,0.0025
9.83,0.494023385666,-0.00160993364757,0.462837276536,0,0.0025
9.86,0.494023453419,-0.00160989988784,0.465822949153,0,0.0025
9.88,0.494023453419,-0.00160989988784,0.46781626276,0,0.0025
9.91,0.494023501875,-0.00160987547182,0.469815465212,0,0.0025
9.93,0.494023501875,-0.00160987547182,0.471819041011,0,0.0025
9.95,0.494023545,-0.00160985352802,0.475825377785,0,0.0025
9.99,0.494023601226,-0.00160982457934,0.479827530127,0,0.0025
10.0,0.494023615212,-0.00160981732097,0.479827530127,0,0.0025
10.03,0.494023615212,-0.00160981732097,0.483832524736,0,0.0025
10.05,0.494023644346,-0.00160980212437,0.483832524736,0,0.0025
10.08,0.494023644346,-0.00160980212437,0.485852057829,0,0.0025
10.1,0.494023724863,-0.00160975970704,0.490842787075,0,0.0025
10.13,0.494023776072,-0.0016097324113,0.493851525397,0,0.0025
10.15,0.494023794141,-0.00160972271013,0.495857697769,0,0.0025
10.18,0.494023794141,-0.00160972271013,0.497862511438,0,0.0025
10.2,0.494023826328,-0.00160970536812,0.499865447484,0,0.0025
10.23,0.49402389102,-0.00160967015423,0.501867670509,0,0.0025
10.25,0.49402389102,-0.00160967015423,0.505874512619,0,0.0025
10.28,0.494023957054,-0.0016096337535,0.507878919883,0,0.0025
10.3,0.494023973304,-0.00160962470958,0.509882880449,0,0.0025
10.33,0.494023973304,-0.00160962470958,0.511884319991,0,0.0025
10.35,0.494024018902,-0.00160959919787,0.513885798522,0,0.0025
10.38,0.494024061303,-0.00160957525102,0.517887033326,0,0.0025
10.4,0.494024061303,-0.00160957525102,0.519887881459,0,0.0025
10.43,0.49402411824,-0.00160954273958,0.523891714962,0,0.0025
10.45,0.49402411824,-0.00160954273958,0.523891714962,0,0.0025
10.49,0.494024179497,-0.00160950733638,0.527913237076,0,0.0025
10.5,0.494024231219,-0.00160947717974,0.529906088001,0,0.0025
10.53,0.494024231219,-0.00160947717974,0.533903382254,0,0.0025
10.55,0.49402428455,-0.00160944580302,0.533903382254,0,0.0025
10.58,0.494024334816,-0.00160941595917,0.537914575049,0,0.0025
10.6,0.494024334816,-0.00160941595917,0.539918434997,0,0.0025
10.63,0.494024381881,-0.00160938775833,0.543921919858,0,0.0025
10.65,0.494024381881,-0.00160938775833,0.545924509243,0,0.0025
10.68,0.494024428908,-0.00160935932278,0.547927576667,0,0.0025
10.7,0.494024484099,-0.00160932563949,0.549909997447,0,0.0025
10.73,0.494024490229,-0.00160932188281,0.553956902124,0,0.0025
10.75,0.494024541903,-0.00160929007626,0.555951270487,0,0.0025
10.78,0.494024586944,-0.0016092621577,0.557941043977,0,0.0025
10.8,0.494024586944,-0.0016092621577,0.55993463365,0,0.0025
10.83,0.494024647088,-0.00160922449245,0.561934078928,0,0.0025
10.85,0.494024647088,-0.00160922449245,0.565941536175,0,0.0025
10.88,0.494024673161,-0.00160920802783,0.567944395308,0,0.0025
10.9,0.494024673161,-0.00160920802783,0.569945387009,0,0.0025
10.93,0.494024725825,-0.00160917445451,0.571946735052,0,0.0025
10.95,0.4940247668,-0.00160914806411,0.575951840658,0,0.0025
10.99,0.494024795289,-0.00160912958932,0.579965080735,0,0.0025
11.0,0.494024843523,-0.00160909813264,0.579965080735,0,0.0025
11.03,0.494024876642,-0.00160907637107,0.583964021486,0,0.0025
11.05,0.494024876642,-0.00160907637107,0.583964021486,0,0.0025
11.09,0.494024925493,-0.00160904405332,0.589981312446,0,0.0025
11.1,0.494024925493,-0.00160904405332,0.589981312446,0,0.0025
11.13,0.494024971712,-0.00160901321041,0.593986251902,0,0.0025
11.15,0.494024971712,-0.00160901321041,0.593986251902,0,0.0025
11.18,0.494025017585,-0.00160898232979,0.597993103195,0,0.0025
11.2,0.494025065293,-0.00160894993483,0.597993103195,0,0.0025
11.23,0.494025095653,-0.00160892914813,0.602001476859,0,0.0025
11.25,0.494025109195,-0.00160891984879,0.606004388662,0,0.0025
11.28,0.494025150303,-0.00160889143786,0.60800468908,0,0.0025
11.3,0.494025150303,-0.00160889143786,0.610005592156,0,0.0025
11.33,0.494025190191,-0.00160886363277,0.61400826062,0,0.0025
11.36,0.494025190191,-0.00160886363277,0.616010297295,0,0.0025
11.38,0.494025247264,-0.00160882343591,0.618013303315,0,0.0025
11.4,0.494025247264,-0.00160882343591,0.62001651642,0,0.0025
11.43,0.494025293472,-0.00160879057184,0.624024424509,0,0.0025
11.45,0.494025340742,-0.00160875664561,0.624024424509,0,0.0025
11.48,0.494025340742,-0.00160875664561,0.628028840617,0,0.0025
11.5,0.494025386252,-0.00160872370522,0.630030724014,0,0.0025
11.53,0.494025431913,-0.00160869037534,0.632032671026,0,0.0025
11.55,0.494025431913,-0.00160869037534,0.636037628725,0,0.0025
11.58,0.49402547912,-0.0016086556253,0.638041017983,0,0.0025
11.6,0.49402547912,-0.0016086556253,0.640044412565,0,0.0025
11.63,0.494025528555,-0.00160861892903,0.644051355072,0,0.0025
11.65,0.494025528555,-0.00160861892903,0.644051355072,0,0.0025
11.68,0.494025574454,-0.00160858455137,0.648054037819,0,0.0025
11.7,0.494025619313,-0.00160855067083,0.650054783546,0,0.0025
11.73,0.494025633288,-0.00160854004757,0.652056189862,0,0.0025
11.75,0.494025676268,-0.00160850722176,0.656059817585,0,0.0025
11.78,0.494025676268,-0.00160850722176,0.658062324022,0,0.0025
11.8,0.494025721242,-0.00160847258607,0.660065719091,0,0.0025
11.83,0.494025721242,-0.00160847258607,0.663069899394,0,0.0025
11.85,0.494025766081,-0.00160843774659,0.666071115898,0,0.0025
11.9,0.494025806864,-0.00160840579598,0.671071741226,0,0.0025
11.9,0.494025806864,-0.00160840579598,0.671071741226,0,0.0025
11.93,0.494025845586,-0.00160837520799,0.674073146684,0,0.0025
11.95,0.494025885183,-0.00160834366871,0.674073146684,0,0.0025
11.98,0.494025885183,-0.00160834366871,0.679078981719,0,0.0025
12.0,0.494025927473,-0.00160830970704,0.680080800745,0,0.0025
12.03,0.494025927473,-0.00160830970704,0.684088236121,0,0.0025
12.05,0.494025971973,-0.00160827368,0.684088236121,0,0.0025
12.08,0.494025971973,-0.00160827368,0.6880938977,0,0.0025
12.1,0.494026031994,-0.00160822458022,0.690096240263,0,0.0025
12.13,0.494026075141,-0.00160818894878,0.694100634262,0,0.0025
12.15,0.494026075141,-0.00160818894878,0.696103068217,0,0.0025
12.18,0.494026119232,-0.00160815223949,0.69810633495,0,0.0025
12.2,0.494026119232,-0.00160815223949,0.700109684414,0,0.0025
12.23,0.494026165392,-0.00160811349381,0.70411767757,0,0.0025
12.25,0.494026211092,-0.00160807479804,0.706119667416,0,0.0025
12.28,0.494026211092,-0.00160807479804,0.708121184715,0,0.0025
12.3,0.494026253226,-0.00160803882956,0.710122219461,0,0.0025
12.33,0.494026293764,-0.00160800394208,0.714124657182,0,0.0025
12.35,0.494026293764,-0.00160800394208,0.716126227141,0,0.0025
12.38,0.494026334968,-0.00160796819142,0.718128766333,0,0.0025
12.4,0.494026334968,-0.00160796819142,0.72013140556,0,0.0025
12.43,0.494026377201,-0.00160793125401,0.722134491742,0,0.0025
12.45,0.494026377201,-0.00160793125401,0.725137544269,0,0.0025
12.48,0.494026431997,-0.00160788283791,0.728138336153,0,0.0025
12.5,0.494026431997,-0.00160788283791,0.731138529899,0,0.0025
12.53,0.494026468904,-0.00160784992057,0.732138667419,0,0.0025
12.55,0.494026468904,-0.00160784992057,0.735168399522,0,0.0025
12.58,0.49550378151,-0.00027649706639,0.738390109228,0,0.0025
12.6,0.49843767408,0.00238402847506,0.740634316365,0,0.0025
12.63,0.501359090068,0.00505652613786,0.745292388085,0,0.0025
12.65,0.501359090068,0.00505652613786,0.745292388085,0,0.0025
12.68,0.504272723425,0.00774675802844,0.750023087311,0,0.0025
12.7,0.504272723425,0.00774675802844,0.752366715095,0,0.0025
12.73,0.507178897498,0.0104556617471,0.756839446495,0,0.0025
12.75,0.507178897498,0.0104556617471,0.75890447903,0,0.0025
12.78,0.510078494948,0.0131837313425,0.760881676507,0,0.0025
12.8,0.510078494948,0.0131837313425,0.762656113191,0,0.0025
12.83,0.513694028393,0.016618104967,0.765830132044,0,0.0025
12.85,0.516581416583,0.0193832738409,0.765830132044,0,0.0025
12.88,0.517302219851,0.0200763062157,0.767187915825,0,0.0025
12.9,0.519462417015,0.0221591205939,0.769430480147,0,0.0025
12.93,0.523056891288,0.0256416421635,0.771127740068,0,0.0025
12.95,0.523056891288,0.0256416421635,0.771790754177,0,0.0025
12.98,0.525927527814,0.0284340217676,0.772345627933,0,0.0025
13.0,0.527362061473,0.0298322164601,0.772787238472,0,0.0025
13.03,0.529511148036,0.0319294178159,0.773407700679,0,0.0025
13.05,0.529511148036,0.0319294178159,0.773614441262,0,0.0025
13.08,0.532374789919,0.034727299507,0.773784050388,0,0.0025
13.1,0.535236398687,0.0375255911683,0.773944493756,0,0.0025
13.13,0.535236398687,0.0375255911683,0.774044559184,0,0.0025
13.15,0.538096593449,0.040324005612,0.774093672095,0,0.0025
13.18,0.540955817901,0.0431222940842,0.774133326173,0,0.0025
13.2,0.540955817901,0.0431222940842,0.774171328822,0,0.0025
13.23,0.543814376295,0.0459204329567,0.77421450096,0,0.0025
13.25,0.544528958237,0.0466199839147,0.774261914885,0,0.0025
13.28,0.546672505898,0.0487186370267,0.774420095294,0,0.0025
13.3,0.548815761488,0.0508172385439,0.774464093685,0,0.0025
13.33,0.548815761488,0.0508172385439,0.774608481253,0,0.0025
13.35,0.552387485269,0.0543154863651,0.774657126011,0,0.0025
13.38,0.555244203427,0.0571146333978,0.774882941156,0,0.0025
13.4,0.555958276686,0.0578145082778,0.775011965498,0,0.0025
13.43,0.555958276686,0.0578145082778,0.7752215505,0,0.0025
13.45,0.558100336607,0.0599145028368,0.775441532169,0,0.0025
13.49,0.56166954275,0.0634155544525,0.775590461444,0,0.0025
13.5,0.56166954275,0.0634155544525,0.775825901886,0,0.0025
13.54,0.565951108083,0.0676187526763,0.776032270107,0,0.0025
13.55,0.565951108083,0.0676187526763,0.776170718815,0,0.0025
13.58,0.568091281911,0.0697210831219,0.776309104592,0,0.0025
13.6,0.570944201046,0.0725249164447,0.776437494258,0,0.0025
13.63,0.570944201046,0.0725249164447,0.776558935673,0,0.0025
13.65,0.573796419128,0.07532950679,0.776666108446,0,0.0025
13.68,0.576648011163,0.0781347521455,0.77689536734,0,0.0025
13.7,0.576648011163,0.0781347521455,0.776935001949,0,0.0025
13.74,0.580211752436,0.0816420214075,0.777071046591,0,0.0025
13.76,0.580211752436,0.0816420214075,0.777122416845,0,0.0025
13.78,0.583062308443,0.0844482940034,0.777165969614,0,0.0025
13.8,0.58520002888,0.0865531720192,0.777200303488,0,0.0025
13.83,0.586625120529,0.0879564984513,0.777249510143,0,0.0025
13.85,0.586625120529,0.0879564984513,0.777266270302,0,0.0025
13.88,0.589475168653,0.0907632372802,0.777278042884,0,0.0025
13.9,0.589475168653,0.0907632372802,0.777286903059,0,0.0025
13.93,0.593037592505,0.0942717911112,0.777296046161,0,0.0025
13.95,0.595175001519,0.0963769535802,0.777298275567,0,0.0025
13.98,0.598024860025,0.0991838595495,0.777297445282,0,0.0025
14.0,0.598024860025,0.0991838595495,0.777295629063,0,0.0025
14.03,0.600874715285,0.101990764871,0.777290536818,0,0.0025
14.05,0.600874715285,0.101990764871,0.777288927303,0,0.0025
14.08,0.60372458181,0.104797660892,0.777287607185,0,0.0025
14.1,0.606574459696,0.107604551709,0.77728830147,0,0.0025
14.13,0.606574459696,0.107604551709,0.777289213621,0,0.0025
14.15,0.610136796828,0.11111316276,0.777291457501,0,0.0025
14.18,0.610136796828,0.11111316276,0.777296040645,0,0.0025
14.2,0.612986660482,0.113920072205,0.777298973881,0,0.0025
14.23,0.615836510385,0.116726994742,0.77730660265,0,0.0025
14.25,0.615836510385,0.116726994742,0.777311774148,0,0.0025
14.28,0.618686341089,0.119533939306,0.777318331777,0,0.0025
14.3,0.618686341089,0.119533939306,0.777325535002,0,0.0025
14.33,0.621536143839,0.122340916968,0.777326365399,0,0.0025
14.35,0.6243859188,0.125147951954,0.777343503747,0,0.0025
14.38,0.6243859188,0.125147951954,0.777372535678,0,0.0025
14.4,0.627235617635,0.127955062694,0.777372535678,0,0.0025
14.43,0.627948038838,0.128656846364,0.777366173234,0,0.0025
14.45,0.6307977098,0.131463955421,0.777372795184,0,0.0025
14.48,0.63364737046,0.13427106896,0.77738077275,0,0.0025
14.5,0.63364737046,0.13427106896,0.777388284739,0,0.0025
14.53,0.636496987805,0.137078221946,0.77739349714,0,0.0025
14.55,0.637209376373,0.137780006426,0.777401477907,0,0.0025
14.58,0.639346571683,0.139885409539,0.777405810936,0,0.0025
14.6,0.639346571683,0.139885409539,0.777405810936,0,0.0025
14.63,0.642196118135,0.142692611026,0.777415193349,0,0.0025
14.65,0.645758033916,0.146201667575,0.777417047678,0,0.0025
14.68,0.645758033916,0.146201667575,0.777419022827,0,0.0025
14.7,0.648607545413,0.149008923738,0.777419659811,0,0.0025
14.73,0.651457054518,0.151816183854,0.777420911742,0,0.0025
14.75,0.652169434883,0.152518002505,0.7774219387,0,0.0025
14.78,0.653594182254,0.153921628921,0.777423767993,0,0.0025
14.8,0.656443698686,0.156728914274,0.777441113857,0,0.0025
14.83,0.656443698686,0.156728914274,0.777432609057,0,0.0025
14.85,0.659293239617,0.159536164967,0.777426799836,0,0.0025
14.88,0.659293239617,0.159536164967,0.77743090421,0,0.0025
14.9,0.662142810556,0.162343382319,0.777434494423,0,0.0025
14.93,0.664992358678,0.165150617527,0.777436537889,0,0.0025
14.95,0.664992358678,0.165150617527,0.777436793663,0,0.0025
14.98,0.667841890113,0.167957866152,0.777436547098,0,0.0025
15.0,0.670691420291,0.170765117385,0.777437396282,0,0.0025
15.03,0.670691420291,0.170765117385,0.777430108282,0,0.0025
15.05,0.67354097164,0.173572374268,0.777430108282,0,0.0025
15.08,0.67354097164,0.173572374268,0.777451769862,0,0.0025
15.1,0.676390508708,0.176379644034,0.777439223049,0,0.0025
15.13,0.679240003134,0.179186930211,0.777430432264,0,0.0025
15.15,0.679240003134,0.179186930211,0.777427611034,0,0.0025
15.18,0.68208954468,0.181994161982,0.777430292112,0,0.0025
15.2,0.68208954468,0.181994161982,0.777430784756,0,0.0025
15.23,0.685651481118,0.185503191558,0.777429371346,0,0.0025
15.25,0.68850102972,0.188310411774,0.777427560058,0,0.0025
15.28,0.689925801164,0.189714013949,0.777428439992,0,0.0025
15.3,0.689925801164,0.189714013949,0.777429893438,0,0.0025
15.33,0.692775354886,0.192521232831,0.777428671621,0,0.0025
15.35,0.695624898438,0.195328456864,0.777426842288,0,0.0025
15.38,0.695624898438,0.195328456864,0.777425234534,0,0.0025
15.4,0.698474445189,0.198135676016,0.777423157613,0,0.0025
15.43,0.701324002373,0.200942887717,0.777422929775,0,0.0025
15.45,0.701324002373,0.200942887717,0.777423130495,0,0.0025
15.48,0.701324002373,0.200942887717,0.777446496565,0,0.0025
15.5,0.704173564368,0.203750101078,0.777436926807,0,0.0025
15.53,0.70702304626,0.206557429578,0.777428747943,0,0.0025
15.56,0.710584798945,0.210066641902,0.777429069137,0,0.0025
15.59,0.710584798945,0.210066641902,0.777436733141,0,0.0025
15.6,0.712721872672,0.212172180948,0.777436733141,0,0.0025
15.63,0.712721872672,0.212172180948,0.777438197769,0,0.0025
15.65,0.715571267194,0.214979567785,0.777438028406,0,0.0025
15.68,0.719132987985,0.218488801848,0.777438687836,0,0.0025
15.7,0.719132987985,0.218488801848,0.777441976895,0,0.0025
15.73,0.722694719313,0.221998059738,0.777442997609,0,0.0025
15.75,0.722694719313,0.221998059738,0.777445968481,0,0.0025
15.78,0.72483174297,0.224103619246,0.777449376957,0,0.0025
15.8,0.72483174297,0.224103619246,0.777449376957,0,0.0025
15.83,0.727681096418,0.226911049396,0.777449750408,0,0.0025
15.85,0.731242781875,0.230420349002,0.777449798336,0,0.0025
15.88,0.731242781875,0.230420349002,0.777450306656,0,0.0025
15.9,0.734804465003,0.233929657118,0.777451400839,0,0.0025
15.93,0.735516788533,0.234631507613,0.777452016437,0,0.0025
15.95,0.73836612591,0.237438961333,0.777453388713,0,0.0025
15.98,0.73836612591,0.237438961333,0.77745188354,0,0.0025
16.0,0.741215455542,0.240246416663,0.777450565051,0,0.0025
16.03,0.744064789766,0.243053864096,0.777448495126,0,0.0025
16.05,0.74477712815,0.243755727443,0.777447036969,0,0.0025
16.08,0.746914134694,0.245861301438,0.777444773074,0,0.0025
16.1,0.746914134694,0.245861301438,0.777444214273,0,0.0025
16.13,0.749763489146,0.248668732654,0.777444523681,0,0.0025
16.15,0.752612845537,0.251476161682,0.777444713972,0,0.0025
16.18,0.752612845537,0.251476161682,0.777441139715,0,0.0025
16.2,0.755462197508,0.254283588862,0.777438794415,0,0.0025
16.23,0.758311556173,0.257091006589,0.777436413168,0,0.0025
16.25,0.758311556173,0.257091006589,0.777434646097,0,0.0025
16.28,0.761160925194,0.259898415558,0.777432613068,0,0.0025
16.3,0.761160925194,0.259898415558,0.777432613068,0,0.0025
16.33,0.764010300378,0.26270582292,0.777433411608,0,0.0025
16.35,0.764010300378,0.26270582292,0.777435524104,0,0.0025
16.38,0.767572004355,0.26621508105,0.777437814168,0,0.0025
16.4,0.771133709431,0.269724367471,0.777437655231,0,0.0025
16.45,0.773270723494,0.271829934015,0.777438439032,0,0.0025
16.45,0.773270723494,0.271829934015,0.777438439032,0,0.0025
16.48,0.773270723494,0.271829934015,0.777439326378,0,0.0025
16.5,0.776832421518,0.275339227604,0.777439948866,0,0.0025
16.53,0.7796817723,0.27814666771,0.777444117805,0,0.0025
16.55,0.780394112347,0.278848533478,0.777444780612,0,0.0025
16.58,0.781818774551,0.280252251665,0.777446083538,0,0.0025
16.6,0.781818774551,0.280252251665,0.777445482358,0,0.0025
16.63,0.784668107455,0.283059704922,0.777443898154,0,0.0025
16.65,0.788229778981,0.286569017831,0.777443898154,0,0.0025
16.68,0.788229778981,0.286569017831,0.777442549642,0,0.0025
16.7,0.792503785231,0.29078017351,0.777442897285,0,0.0025
16.73,0.792503785231,0.29078017351,0.777443167883,0,0.0025
16.75,0.793928463968,0.292183904006,0.777422280358,0,0.0025
16.78,0.797490188473,0.295693199361,0.777462722905,0,0.0025
16.8,0.797490188473,0.295693199361,0.777454226213,0,0.0025
16.83,0.800339440213,0.298500730596,0.777441146833,0,0.0025
16.85,0.80176408545,0.299904492633,0.777432028709,0,0.0025
16.88,0.80390106117,0.302010097039,0.777430604585,0,0.0025
16.9,0.80390106117,0.302010097039,0.777432264525,0,0.0025
16.93,0.806750373267,0.304817562237,0.777433082382,0,0.0025
16.95,0.809599675946,0.307625034736,0.777431882216,0,0.0025
16.98,0.809599675946,0.307625034736,0.777431823707,0,0.0025
17.0,0.812448981064,0.310432507823,0.777433240972,0,0.0025
17.03,0.815298283244,0.313239985109,0.777435211632,0,0.0025
17.05,0.815298283244,0.313239985109,0.777435211632,0,0.0025
17.08,0.818147575395,0.31604746752,0.77743385934,0,0.0025
17.1,0.818147575395,0.31604746752,0.777432350946,0,0.0025
17.13,0.820996869732,0.318854946445,0.777432111108,0,0.0025
17.15,0.823133840363,0.320960551627,0.77743181444,0,0.0025
17.18,0.824558497143,0.322364297392,0.777432174788,0,0.0025
17.2,0.824558497143,0.322364297392,0.77745584449,0,0.0025
17.23,0.827407795962,0.325171780125,0.777437706213,0,0.0025
17.25,0.830257100741,0.327979263264,0.777435087813,0,0.0025
17.28,0.833106445511,0.330786712272,0.777437434863,0,0.0025
17.3,0.8338187859,0.331488578567,0.777443616445,0,0.0025
17.33,0.83595578106,0.333594166531,0.777445981271,0,0.0025
17.35,0.83595578106,0.333594166531,0.777445981271,0,0.0025
17.38,0.838805097145,0.336401635743,0.77744549919,0,0.0025
17.4,0.838805097145,0.336401635743,0.777446637502,0,0.0025
17.43,0.84236674603,0.339910976504,0.777433321052,0,0.0025
17.45,0.845216068056,0.342718466916,0.777443366281,0,0.0025
17.48,0.845928390234,0.343420348876,0.777465066519,0,0.0025
17.5,0.845928390234,0.343420348876,0.777454447357,0,0.0025
17.53,0.850914631518,0.348333499085,0.777436445744,0,0.0025
17.55,0.850914631518,0.348333499085,0.777436445744,0,0.0025
17.58,0.85376396013,0.35114094764,0.777435950786,0,0.0025
17.6,0.85376396013,0.35114094764,0.77743850629,0,0.0025
17.63,0.856613284036,0.353948396219,0.777437917509,0,0.0025
17.65,0.859462603764,0.35675584872,0.777435559876,0,0.0025
17.68,0.859462603764,0.35675584872,0.777435392084,0,0.0025
17.7,0.86231192921,0.359563300156,0.777437271269,0,0.0025
17.73,0.865161251296,0.362370753343,0.777436659792,0,0.0025
17.75,0.865161251296,0.362370753343,0.777434830658,0,0.0025
17.78,0.868722893952,0.365880055905,0.777432769476,0,0.0025
17.8,0.868722893952,0.365880055905,0.777432769476,0,0.0025
17.83,0.870859901516,0.367985645359,0.777429967993,0,0.0025
17.85,0.870859901516,0.367985645359,0.777429595123,0,0.0025
17.88,0.87370924187,0.370793080382,0.77743062741,0,0.0025
17.9,0.876558584872,0.373600516189,0.777447400739,0,0.0025
17.94,0.879407948682,0.376407939016,0.77743221804,0,0.0025
17.95,0.879407948682,0.376407939016,0.777432399508,0,0.0025
17.98,0.882257352347,0.379215327321,0.777436483433,0,0.0025
18.0,0.885106742657,0.382022724717,0.777440014508,0,0.0025
18.03,0.885106742657,0.382022724717,0.777442030788,0,0.0025
18.05,0.885106742657,0.382022724717,0.777441519883,0,0.0025
18.08,0.888668456765,0.385531996585,0.777441830241,0,0.0025
18.1,0.891517820275,0.388339416247,0.777443568865,0,0.0025
18.13,0.891517820275,0.388339416247,0.777422712229,0,0.0025
18.15,0.891517820275,0.388339416247,0.77743951077,0,0.0025
18.18,0.894367206188,0.39114684035,0.777456585984,0,0.0025
18.2,0.897216652952,0.393954200991,0.777456585984,0,0.0025
18.23,0.897216652952,0.393954200991,0.777432724716,0,0.0025
18.25,0.900778314499,0.397463523046,0.777432530731,0,0.0025
18.28,0.905052376338,0.401674607538,0.77743334337,0,0.0025
18.3,0.905052376338,0.401674607538,0.777433335178,0,0.0025
18.33,0.907901752564,0.404481999841,0.777429792038,0,0.0025
18.35,0.907901752564,0.404481999841,0.777428666058,0,0.0025
18.38,0.910751137552,0.407289386819,0.777429136278,0,0.0025
18.4,0.910751137552,0.407289386819,0.777445952805,0,0.0025
18.43,0.914312906054,0.410798625638,0.777430927146,0,0.0025
18.45,0.914312906054,0.410798625638,0.777431187091,0,0.0025
18.48,0.917162358419,0.413605960548,0.777435383014,0,0.0025
18.5,0.920011808347,0.416413295385,0.777439271207,0,0.0025
18.53,0.920011808347,0.416413295385,0.777442667909,0,0.0025
18.55,0.922861234248,0.419220651478,0.777442667909,0,0.0025
18.58,0.922861234248,0.419220651478,0.777443712776,0,0.0025
18.6,0.925710651635,0.422028017221,0.777445178946,0,0.0025
18.63,0.928560047369,0.4248353771,0.777186458091,0,0.0025
18.65,0.928560047369,0.4248353771,0.776637336138,0,0.0025
18.68,0.928593294137,0.424868122289,0.775843007646,0,0.0025
18.7,0.928593294137,0.424868122289,0.774861385385,0,0.0025
18.74,0.928629665635,0.424903832945,0.772291789559,0,0.0025
18.75,0.928629665635,0.424903832945,0.770729746113,0,0.0025
18.78,0.928629665635,0.424903832945,0.769867581623,0,0.0025
18.8,0.928659916009,0.424933375192,0.766296996241,0,0.0025
18.83,0.928659916009,0.424933375192,0.764372898091,0,0.0025
18.85,0.928681960349,0.424954702791,0.761217382158,0,0.0025
18.89,0.92868809417,0.424960576297,0.757957111798,0,0.0025
18.9,0.92868809417,0.424960576297,0.755760163772,0,0.0025
18.93,0.928689771119,0.42496216791,0.753561353395,0,0.0025
18.95,0.928689771119,0.42496216791,0.751374135274,0,0.0025
18.98,0.928688634389,0.424961100042,0.747046420587,0,0.0025
19.0,0.928688634389,0.424961100042,0.744914226515,0,0.0025
19.03,0.928685860423,0.424958515355,0.74280782804,0,0.0025
19.05,0.928682428679,0.42495534471,0.740728012754,0,0.0025
19.08,0.928680193019,0.424953294139,0.738673569492,0,0.0025
19.1,0.928678199015,0.424951476468,0.73461689363,0,0.0025
19.18,0.928677211605,0.424950579133,0.732609618199,0,0.0025
19.18,0.928677211605,0.424950579133,0.732609618199,0,0.0025
19.18,0.928677211605,0.424950579133,0.732609618199,0,0.0025
19.24,0.928673201787,0.424946968718,0.728630883515,0,0.0025
19.24,0.928673201787,0.424946968718,0.728630883515,0,0.0025
19.27,0.928672093407,0.424945984106,0.718756673148,0,0.0025
19.29,0.928672093407,0.424945984106,0.718756673148,0,0.0025
19.3,0.928671885116,0.424945800558,0.716779104497,0,0.0025
19.34,0.928671896373,0.424945810391,0.712810595153,0,0.0025
19.35,0.928671896373,0.424945810391,0.712810595153,0,0.0025
19.38,0.928672170602,0.42494604881,0.708818733062,0,0.0025
19.41,0.928672762586,0.424946558671,0.705812173594,0,0.0025
19.43,0.928672762586,0.424946558671,0.704807928959,0,0.0025
19.45,0.928673244677,0.42494697015,0.700783242683,0,0.0025
19.48,0.928673244677,0.42494697015,0.69876713978,0,0.0025
19.5,0.928673809466,0.424947447736,0.69574104714,0,0.0025
19.53,0.928673809466,0.424947447736,0.692711898503,0,0.0025
19.55,0.928674263915,0.424947827138,0.690691224515,0,0.0025
19.58,0.928674263915,0.424947827138,0.688670781561,0,0.0025
19.6,0.928674380454,0.424947923489,0.686650868311,0,0.0025
19.63,0.928674380454,0.424947923489,0.682615506477,0,0.0025
19.65,0.928674493069,0.424948015974,0.680600941084,0,0.0025
19.68,0.92867455951,0.424948070051,0.676575496821,0,0.0025
19.7,0.92867455951,0.424948070051,0.674564318175,0,0.0025
19.73,0.928674565584,0.42494807495,0.67255200702,0,0.0025
19.75,0.928674563707,0.424948073449,0.67054091617,0,0.0025
19.78,0.92867454922,0.424948061916,0.666519986512,0,0.0025
19.8,0.92867454922,0.424948061916,0.664510788267,0,0.0025
19.83,0.928674532187,0.424948048475,0.662503003311,0,0.0025
19.85,0.928674532187,0.424948048475,0.659492684136,0,0.0025
19.88,0.928674533016,0.424948049113,0.658489754293,0,0.0025
19.9,0.928674535997,0.424948051429,0.654479175233,0,0.0025
19.93,0.928674558468,0.424948068759,0.652474089569,0,0.0025
19.95,0.928674558468,0.424948068759,0.650467268968,0,0.0025
19.98,0.928674588747,0.424948091921,0.647456025414,0,0.0025
20.0,0.928674588747,0.424948091921,0.645447969272,0,0.0025
20.03,0.928674626805,0.424948120795,0.642436484565,0,0.0025
20.05,0.928674626805,0.424948120795,0.642436484565,0,0.0025
20.08,0.92867468829,0.424948166993,0.638421218316,0,0.0025
20.1,0.92867468829,0.424948166993,0.636413696157,0,0.0025
20.13,0.92867475986,0.424948220159,0.632398196092,0,0.0025
20.15,0.92867475986,0.424948220159,0.63038793155,0,0.0025
20.18,0.928674793773,0.424948245143,0.62837782106,0,0.0025
20.2,0.928674842915,0.424948281081,0.625361797959,0,0.0025
20.23,0.928674890462,0.424948315559,0.622346024375,0,0.0025
20.25,0.928674890462,0.424948315559,0.620336496081,0,0.0025
20.28,0.928674954938,0.424948361843,0.61631874886,0,0.0025
20.3,0.928674954938,0.424948361843,0.614310252287,0,0.0025
20.33,0.928675016337,0.424948405416,0.612299738967,0,0.0025
20.35,0.928675016567,0.424948405578,0.610288788946,0,0.0025
20.38,0.928675057543,0.42494843436,0.606265819436,0,0.0025
20.4,0.928675057543,0.42494843436,0.604254832911,0,0.0025
20.43,0.928675096787,0.42494846169,0.602244171973,0,0.0025
20.45,0.928675096787,0.42494846169,0.6002346333,0,0.0025
20.48,0.928675137509,0.424948489806,0.597221160726,0,0.0025
20.5,0.928675181467,0.424948519895,0.595212981024,0,0.0025
20.53,0.928675181467,0.424948519895,0.591198310731,0,0.0025
20.55,0.928675243702,0.424948562042,0.589189448063,0,0.0025
20.58,0.928675243702,0.424948562042,0.587180255877,0,0.0025
20.6,0.928675303269,0.424948601926,0.585170897262,0,0.0025
20.63,0.928675303519,0.424948602092,0.581152790302,0,0.0025
20.65,0.928675349087,0.424948632287,0.579144036696,0,0.0025
20.68,0.928675349087,0.424948632287,0.577136171764,0,0.0025
20.7,0.928675396976,0.424948663742,0.575128295595,0,0.0025
20.73,0.928675396976,0.424948663742,0.571112646362,0,0.0025
20.75,0.928675447361,0.424948696525,0.569102484085,0,0.0025
20.78,0.928675493677,0.424948726396,0.567092575286,0,0.0025
20.8,0.928675493677,0.424948726396,0.565081864576,0,0.0025
20.83,0.92867553754,0.424948754435,0.562066886814,0,0.0025
20.85,0.92867558147,0.424948782268,0.560056991142,0,0.0025
20.88,0.92867558147,0.424948782268,0.558048102254,0,0.0025
20.9,0.928675627783,0.42494881135,0.554030955455,0,0.0025
20.93,0.928675674401,0.424948840347,0.552022199841,0,0.0025
20.95,0.928675674401,0.424948840347,0.550011145217,0,0.0025
20.98,0.92867571686,0.424948866522,0.545988711332,0,0.0025
21.0,0.92867571686,0.424948866522,0.545988711332,0,0.0025
21.03,0.928675770554,0.42494889928,0.541966762173,0,0.0025
21.05,0.928675770554,0.42494889928,0.539956819847,0,0.0025
21.08,0.928675812837,0.4249489248,0.537947164021,0,0.0025
21.1,0.928675843136,0.424948942942,0.533930346928,0,0.0025
21.13,0.928675859025,0.424948952423,0.5319229967,0,0.0025
21.15,0.928675891918,0.424948971938,0.52991553457,0,0.0025
21.18,0.928675891918,0.424948971938,0.525897250444,0,0.0025
21.2,0.928675939964,0.424949000217,0.523887713445,0,0.0025
21.23,0.928675986587,0.424949027407,0.521878224108,0,0.0025
21.25,0.928675986587,0.424949027407,0.519869229868,0,0.0025
21.28,0.928676050212,0.424949064102,0.515852300361,0,0.0025
21.3,0.928676050212,0.424949064102,0.51384427718,0,0.0025
21.33,0.928676117652,0.424949102524,0.511836558756,0,0.0025
21.35,0.928676117652,0.424949102524,0.509828407898,0,0.0025
21.38,0.928676166432,0.424949129998,0.505808104314,0,0.0025
21.4,0.928676166432,0.424949129998,0.503797250225,0,0.0025
21.44,0.928676212326,0.424949155603,0.499776791439,0,0.0025
21.45,0.92867625701,0.424949180296,0.499776791439,0,0.0025
21.48,0.928676287463,0.424949196985,0.495758285353,0,0.0025
21.5,0.928676287463,0.424949196985,0.493750047227,0,0.0025
21.53,0.928676319778,0.424949214589,0.491741744326,0,0.0025
21.55,0.928676367421,0.424949240318,0.489731378059,0,0.0025
21.58,0.928676367421,0.424949240318,0.485709069753,0,0.0025
21.6,0.928676424295,0.424949270697,0.483697589049,0,0.0025
21.63,0.928676465338,0.424949292367,0.481686498079,0,0.0025
21.65,0.928676480062,0.424949300084,0.479675653296,0,0.0025
21.68,0.928676480062,0.424949300084,0.475656341611,0,0.0025
21.7,0.928676508466,0.424949314915,0.473648094833,0,0.0025
21.73,0.928676572049,0.424949347767,0.471639983045,0,0.0025
21.75,0.928676572049,0.424949347767,0.469632335866,0,0.0025
21.78,0.928676637696,0.424949381236,0.465614799418,0,0.0025
21.81,0.928676637953,0.424949381366,0.463605529777,0,0.0025
21.83,0.928676685304,0.424949405222,0.461595626807,0,0.0025
21.85,0.928676685304,0.424949405222,0.459586421911,0,0.0025
21.88,0.928676733294,0.424949429159,0.456572894971,0,0.0025
21.9,0.928676733294,0.424949429159,0.455568714148,0,0.0025
21.93,0.928676783804,0.424949454097,0.451552789676,0,0.0025
21.95,0.928676852759,0.424949487718,0.448540442399,0,0.0025
21.98,0.928676868613,0.424949495388,0.445525254577,0,0.0025
22.0,0.928676900004,0.42494951048,0.44351455954,0,0.0025
22.03,0.928676900004,0.42494951048,0.441503845137,0,0.0025
22.05,0.928676945275,0.424949532066,0.438488157628,0,0.0025
22.08,0.928677007203,0.424949561242,0.43547414944,0,0.0025
22.1,0.928677007203,0.424949561242,0.43547414944,0,0.0025
22.13,0.928677040543,0.424949576777,0.431456450163,0,0.0025
22.15,0.928677072509,0.424949591556,0.429447496801,0,0.0025
22.18,0.928677102835,0.424949605482,0.427436211413,0,0.0025
22.2,0.928677102835,0.424949605482,0.425425288089,0,0.0025
22.23,0.928677144884,0.42494962462,0.421402108997,0,0.0025
22.25,0.928677144884,0.42494962462,0.419390735963,0,0.0025
22.28,0.928677186468,0.424949643344,0.41738038693,0,0.0025
22.3,0.928677186468,0.424949643344,0.415370347235,0,0.0025
22.33,0.928677230574,0.42494966299,0.411352966913,0,0.0025
22.35,0.928677279095,0.424949684369,0.408341367737,0,0.0025
22.38,0.92867734562,0.424949713298,0.40532866583,0,0.0025
22.4,0.92867734562,0.424949713298,0.403319172099,0,0.0025
22.43,0.928677393797,0.424949733975,0.401309361931,0,0.0025
22.45,0.928677410564,0.424949741111,0.401309361931,0,0.0025
22.48,0.928677410564,0.424949741111,0.396285324279,0,0.0025
22.5,0.928677442508,0.424949754649,0.393272653361,0,0.0025
22.53,0.928677493191,0.424949775918,0.391264318642,0,0.0025
22.55,0.928677493191,0.424949775918,0.389256369764,0,0.0025
22.58,0.928677546811,0.424949798146,0.385237493893,0,0.0025
22.6,0.928677546811,0.424949798146,0.383227267978,0,0.0025
22.63,0.928677595913,0.424949818271,0.381216070326,0,0.0025
22.65,0.928677641952,0.424949836923,0.379205571943,0,0.0025
22.68,0.928677702643,0.424949861181,0.376190054451,0,0.0025
22.7,0.928677702643,0.424949861181,0.374180558431,0,0.0025
22.73,0.928677768721,0.424949887188,0.37116702495,0,0.0025
22.75,0.92867776903,0.424949887309,0.369158727019,0,0.0025
22.78,0.928677804785,0.424949901206,0.367151288498,0,0.0025
22.8,0.928677804785,0.424949901206,0.364139348603,0,0.0025
22.83,0.928677856954,0.424949921275,0.361125503565,0,0.0025
22.85,0.928677856954,0.424949921275,0.359116049821,0,0.0025
22.88,0.92867790769,0.424949940558,0.355097519643,0,0.0025
22.9,0.92867795871,0.424949959714,0.353088522985,0,0.0025
22.93,0.92867795871,0.424949959714,0.351080350003,0,0.0025
22.95,0.928678011785,0.424949979398,0.349072136916,0,0.0025
22.98,0.928678011785,0.424949979398,0.347064242819,0,0.0025
23.0,0.928678067395,0.424949999748,0.343045767906,0,0.0025
23.03,0.928678118694,0.424950018287,0.34103586893,0,0.0025
23.05,0.928678118694,0.424950018287,0.339025095605,0,0.0025
23.08,0.928678167305,0.424950035633,0.33701498595,0,0.0025
23.1,0.928678215836,0.424950052729,0.332995448946,0,0.0025
23.13,0.928678215836,0.424950052729,0.330986200252,0,0.0025
23.15,0.928678266487,0.424950070344,0.328977879738,0,0.0025
23.18,0.928678266487,0.424950070344,0.32696948225,0,0.0025
23.2,0.928678317573,0.424950087866,0.322948494953,0,0.0025
23.23,0.92867836447,0.424950103741,0.320937222021,0,0.0025
23.25,0.92867836447,0.424950103741,0.318925925137,0,0.0025
23.28,0.928678409108,0.424950118651,0.314904264954,0,0.0025
23.3,0.928678409108,0.424950118651,0.312894435875,0,0.0025
23.33,0.928678454409,0.424950133579,0.310884837356,0,0.0025
23.35,0.928678502819,0.424950149315,0.308876493231,0,0.0025
23.38,0.928678502819,0.424950149315,0.30686824376,0,0.0025
23.4,0.928678555575,0.42495016623,0.302852515927,0,0.0025
23.43,0.928678607994,0.424950182789,0.300842903705,0,0.0025
23.45,0.928678607994,0.424950182789,0.298833723558,0,0.0025
23.48,0.928678658925,0.424950198653,0.296823854248,0,0.0025
23.5,0.928678658925,0.424950198653,0.294814631505,0,0.0025
23.53,0.928678658925,0.424950198653,0.29079675653,0,0.0025
